2.642608516338292
2.4838076414485415
2.3967709717214523
2.3667255843569066
2.325486584702835
2.3073872298595406
2.288122214153806
2.2818699937974896
2.2585269634438347
2.306507193067458
2.250873857665689
2.25639795112371
2.3056492160719007
2.2314634309048933
2.2262587753706793
2.2477638248968925
2.2606684277176896
2.213553481698712
2.249210204966446
2.194667023029744
2.195439753115264
2.2048202949534494
2.211063744907797
2.2065493434313828
2.2000234090387085
2.2421503286561055
2.2458817920604828
2.203852803255445
2.1996607249742666
2.179932742643238
