2.790970625800503
2.7066119379969784
2.655800076350134
2.606135834197475
2.599179760242967
2.5557216473523034
2.530092013890808
2.4873352940877687
2.475699709962438
2.4564753043958607
2.43483015131724
2.426019102651225
2.406409275901917
2.389928702880424
2.375426645889402
2.3967770623325304
2.395731345618008
2.3815249827291516
2.3380984928662363
2.36006790756974
2.3338894109359907
2.322379226488197
2.4960476824439866
2.323797759591742
2.3506727885463508
2.307226882346169
2.3484390768904264
2.3224294960040743
2.305521228554298
2.2931219462864094
