2.7524843594602904
2.67036244839461
2.604078836303241
2.554434956447822
2.5283422330450365
2.52531904907483
2.49673279100958
2.485763796993599
2.439262356195739
2.435226723692742
2.39207049942274
2.3862707973232755
2.384665567267884
2.357328858680507
2.357186074894415
2.3821192996769383
2.3231210006467156
2.3285930304141313
2.3120152196323156
2.3044698291545402
2.325888713459283
2.2835050009477094
2.2888355588696516
2.316598058223248
2.3207129972973264
2.298535122585485
2.277171134958583
2.3412783136620514
2.273427800947568
2.2639656761009173
