2.85034669417672
2.740244424967367
2.6840800534210896
2.647589063591237
2.5958330464445267
2.5722724493960083
2.5882638078832554
2.515297660443572
2.515604277880147
2.496445925272513
2.4736427015829583
2.4964795214365845
2.465996865524849
2.4632808071716963
2.4434981338357424
2.494881824988913
2.427695518586297
2.3936600569718527
2.3859743922840475
2.3768253678861067
2.446175590379902
2.364990853392374
2.370462656578046
2.360838381000184
2.351053929557528
2.356859078402378
2.364325452147621
2.395428984048809
2.3509645080222485
2.348000145208859
