2.8949139807517312
2.7490488913215283
2.6615582973821486
2.5476031722976638
2.644748710950286
2.4780519219036585
2.4288688490402826
2.50390234961963
2.4271092187583543
2.432522983756112
2.4611857016637364
2.577392549549573
2.3698743217907676
2.566639986461706
2.4238854486996444
2.367665777449562
2.3892117744778916
2.346842723932699
2.4190386100459813
2.594779673120602
2.3095087744672926
2.4014430631749373
2.3541017437428997
2.382139358451127
2.606886308502633
2.3351902317703357
2.1818767523926446
2.181602964561531
2.1732393262861067
2.1717589550577574
2.1677792669982643
2.168408609303599
2.1614950777875253
2.161770281755744
2.166007170093005
2.15853349498845
2.1714264505290233
2.1598673223607796
2.1494829844333188
2.14741419932088
2.1537772617672055
2.149153666000547
2.1501630491969426
2.1414983844702213
2.1378755377051055
2.138373465986346
2.150783139338406
2.140474491505271
2.1418461016723818
2.13353925825992
2.130583074465448
2.141325394552197
2.154128874533379
2.127291000594303
2.14085901671238
2.1241409709887464
2.134534615069444
2.125660827941878
2.1203841291178285
2.126623066940402
2.1326105506009587
2.1189918767577223
2.111692357578271
2.1270988818242533
2.1189007653445664
2.1204227724675264
2.1303503541113744
2.127427332857197
2.101820748007842
2.100808497869489
2.1006470758433062
2.100627997611594
2.10028012083278
2.1009785447079734
2.1001826096710587
2.1001880521572374
2.099671404472415
2.100175366021131
2.0997403985306553
2.0999502382516515
2.099255445416234
2.0990408310755617
2.099717217893984
2.099001626498684
2.0985832421188397
2.098833887790784
2.0986744615002237
2.098468529857246
2.0984685984363636
2.0978563859662303
2.098007554930795
2.0990272660444482
2.0978291320596094
2.0976689651785594
2.0972806369263948
2.096913939614141
2.0967222137547084
2.0971263290536473
2.0965202273446497
2.0964666944883943
