2.789736385345671
2.8046872207096185
2.6606772661895386
2.7548887276695053
2.7016211896239453
2.5545270434521936
2.558043782534014
2.573954011270187
2.3950030433889817
2.665901174585183
2.525130605442147
2.3213284093397273
2.4824415224846037
2.690254454996047
2.49742109417415
2.5044587476932296
2.4194874104217616
2.2366870091674302
2.2333840111444734
2.232704822860904
2.226327797294235
2.2364200207640472
2.222809831734024
2.2229956557360455
2.2163389449005013
2.2268480957052086
2.217027039089862
2.2143141820488728
2.215052257952853
2.2173352387586527
2.2063111187537627
2.205787489392534
2.2091335391648474
2.2026362063241876
2.197406807978214
2.1943575064869436
2.1969949276580496
2.200275199304547
2.2142353474985854
2.219931770270437
2.1904259447069006
2.1975806978644927
2.1953122835589256
2.200025111264794
2.1862595330784127
2.1883418740677585
2.2074163434299963
2.180583769814911
2.1753839596945728
2.1894466662926892
2.1782247466265705
2.171049521850727
2.177012811268971
2.188464800574311
2.183295138152902
2.1705445692853838
2.1653719760909973
2.1748075107259703
2.169006210599187
2.1759172094029573
2.165291614821648
2.159215906079009
2.1642185499322704
2.1593413260778376
2.166425292949972
2.174010538114575
2.165278863405879
2.1463269447939353
2.1459375002461685
2.145996387633438
2.1465706349470413
2.1475513063958243
2.1455303926681193
2.1451000771066244
2.1461085933494517
2.1469098243595734
2.145269280494793
2.145326435876536
2.1450046612735956
2.1442973533855376
2.1441463421984284
2.1444542320350917
2.14369085414238
2.143417095300619
2.1442163798775424
2.1435520706311135
2.1435679157371568
2.1429020870205227
2.1440615937974963
2.143475429121051
2.1434245986748004
2.142575799980327
2.145092303010981
2.1424145659575933
2.1419388447310403
2.1419690992132647
2.1420908390484725
2.141865763110741
2.1413600379272313
2.1423739508726447
