2.6211462338077336
2.4937999774275337
2.421198658706701
2.36400256268457
2.3126615554088548
2.320269361010584
2.2873146140603673
2.2834681202286613
2.2503579269047664
2.2596131122942706
2.2719574353241634
2.2389407283892573
2.23882015695616
2.3634673499428875
2.23436226442076
2.2328640652979876
2.2087952421295536
2.2269526744144232
2.2151225095737748
2.2141684308702927
2.2440019830049884
2.2192194833530596
2.2311272081638776
2.196772497815777
2.1817629027689125
2.187259865663044
2.2507405756556773
2.188430628367071
2.177094001579585
2.1841727735193603
